0,474
0,473
0,472
0,471
0,470
0,469
0,468
0,467
0,466
43,3
43,2
0,465
43,1
43,0
0,464
0,463
0,462
0,461
0,460
42,3
42,2
0,459
42,1
42,0
41,3
41,2
41,1
41,0
40,3
40,2
40,1
40,0
39,3
39,2
39,1
39,0
0,458
38,3
38,2
38,1
38,0
0,457
37,3
37,2
37,1
37,0
0,456
0,455
0,454
36,3
36,2
36,1
36,0
0,453
0,452
0,451
0,450
0,449
0,448
0,447
0,446
0,445
0,444
0,443
0,442
35,3
35,2
0,441
35,1
35,0
0,440
0,439
0,438
0,437
0,436
0,435
0,434
0,433
0,432
0,431
0,430
0,429
0,428
0,427
34,3
34,2
0,426
34,1
34,0
0,425
0,424
0,423
0,422
0,421
0,420
0,419
33,3
33,2
0,418
33,1
33,0
0,417
0,416
0,415
0,414
0,413
0,412
0,411
32,3
32,2
0,410
32,1
32,0
0,409
0,408
0,407
0,406
0,405
0,404
0,403
0,402
0,401
0,400
0,399
0,398
0,397
0,396
31,3
31,2
0,395
31,1
31,0
30,3
30,2
30,1
30,0
29,3
29,2
29,1
29,0
28,3
28,2
